0 1 5 9 6 10 2 14 11 7 15 3 35 31 32 30 33 12 19 8 34 4 25 29 28 27 18 26 23 16 13 24 20 17 22 21
1 0 5 9 6 10 2 14 7 11 3 15 35 32 8 19 30 31 33 4 12 18 29 34 27 23 26 28 25 20 13 24 16 17 22 21
2 7 3 6 8 4 11 12 13 5 0 1 9 10 16 17 14 32 35 27 31 33 28 34 22 23 26 18 15 30 24 19 29 20 25 21
3 7 4 2 8 6 13 12 11 17 5 16 1 0 9 10 32 35 27 22 26 31 14 28 34 23 33 24 30 18 19 21 15 29 25 20
4 8 3 13 7 12 2 6 11 17 16 22 27 5 32 28 1 26 23 31 33 0 10 34 35 9 24 30 21 29 19 18 20 14 25 15
5 1 0 9 6 10 11 7 14 2 3 15 19 12 8 4 18 35 16 31 24 13 30 23 20 32 27 17 28 26 33 34 25 29 21 22
6 7 2 3 1 5 11 0 9 10 8 12 4 13 14 16 17 15 18 35 32 22 19 23 27 31 26 24 20 28 33 34 30 25 29 21
7 3 2 6 4 8 13 11 12 16 5 17 1 10 9 0 14 22 26 35 31 32 28 18 27 20 24 23 19 21 15 34 30 33 29 25
8 4 3 13 7 2 12 17 6 16 11 22 26 5 1 35 0 27 31 32 10 9 33 29 34 28 21 23 30 20 14 24 25 18 19 15
9 1 14 10 5 0 15 11 6 19 2 7 18 12 16 3 20 23 24 25 8 35 21 4 28 17 31 13 26 32 27 29 30 33 34 22
10 9 14 5 19 6 15 1 0 11 18 16 20 7 12 24 2 23 3 21 28 8 27 25 4 17 13 22 26 30 31 29 35 32 33 34
11 12 7 3 6 2 9 13 5 16 10 17 8 4 14 1 15 0 20 19 22 24 18 21 26 23 25 31 35 27 28 30 29 34 32 33
12 13 17 16 11 4 8 3 7 2 6 22 10 21 20 9 26 5 15 19 14 25 0 24 1 31 35 30 27 23 18 28 29 34 32 33
13 4 12 8 17 7 16 3 11 22 2 6 26 21 31 35 20 25 30 29 5 10 34 24 9 28 27 15 1 0 33 19 32 23 14 18
14 15 9 10 18 19 23 24 5 20 11 1 0 6 28 16 27 21 25 2 7 12 32 33 3 17 29 8 34 26 4 30 13 22 31 35
15 14 19 9 10 18 24 20 21 25 23 11 16 5 0 1 28 27 12 29 26 6 22 17 30 33 31 35 34 32 13 7 2 3 8 4
16 12 13 17 11 7 8 21 22 10 4 20 15 6 3 2 19 14 24 26 9 18 25 23 5 28 31 29 27 35 0 30 1 34 33 32
17 12 13 22 16 8 21 11 26 4 7 20 3 31 25 35 2 30 6 29 15 19 24 10 34 9 5 14 27 18 23 28 1 0 33 32
18 24 23 19 14 28 27 15 20 10 33 32 21 9 25 29 16 34 5 11 30 1 22 6 0 26 7 12 31 2 17 4 35 3 8 13
19 23 18 24 15 14 10 20 28 21 27 9 25 16 11 5 29 32 33 12 1 0 30 17 22 34 26 31 6 7 4 35 13 3 2 8
20 21 19 15 22 18 24 14 25 17 23 10 16 26 29 27 11 30 28 12 9 13 31 34 35 33 32 5 7 1 8 4 6 0 3 2
21 26 25 20 22 29 17 30 15 19 16 31 24 35 23 34 18 13 12 14 28 27 10 33 11 32 9 8 4 7 3 5 1 6 0 2
22 26 17 25 21 13 31 35 30 20 29 12 16 8 34 4 11 15 7 24 3 33 19 18 10 27 2 6 28 23 32 14 9 0 1 5
23 27 18 28 19 24 32 14 33 15 20 34 21 10 29 25 9 30 16 4 1 5 3 11 0 2 8 31 26 12 6 7 35 17 22 13
24 18 23 27 28 19 15 14 20 33 21 32 25 34 10 16 29 30 9 11 22 26 12 5 17 31 13 4 7 35 3 1 0 6 2 8
25 21 26 29 30 31 35 22 34 15 20 33 19 24 17 18 23 32 28 16 14 27 12 13 9 10 0 11 1 5 8 6 3 4 7 2
26 35 31 30 21 29 25 22 34 17 13 20 16 33 32 12 15 8 7 24 4 11 3 19 1 28 0 27 18 9 23 2 5 6 14 10
27 28 23 24 33 32 18 34 19 29 20 30 14 15 4 21 25 8 3 10 2 1 16 31 0 22 35 5 26 12 7 13 6 9 17 11
28 27 23 24 32 33 18 19 34 29 14 20 15 25 30 21 4 16 10 31 0 9 3 8 35 2 26 1 7 13 5 12 22 11 6 17
29 30 35 26 34 31 25 33 32 21 22 28 27 20 24 23 18 15 19 17 13 1 16 0 8 14 9 4 5 12 7 10 3 2 6 11
30 31 29 35 26 34 25 22 21 33 32 27 20 24 28 17 23 0 1 15 19 18 13 5 12 4 8 16 9 3 2 7 10 14 6 11
31 35 30 26 29 25 34 22 21 17 33 13 32 0 20 1 8 28 4 5 15 16 7 12 3 24 2 27 19 9 23 11 18 6 10 14
32 33 34 28 27 29 23 30 24 18 35 31 25 26 1 19 0 4 2 3 8 14 21 20 7 6 5 15 9 22 13 10 17 16 12 11
33 32 34 27 28 29 23 30 24 25 18 35 31 26 19 0 21 1 15 8 22 4 20 14 2 3 5 13 9 6 7 17 10 16 12 11
34 32 33 30 29 31 35 25 26 27 28 23 24 21 22 18 20 0 1 4 17 19 15 8 13 3 2 14 7 5 6 9 16 12 10 11
35 26 31 30 29 25 34 22 21 33 32 17 0 1 13 8 20 5 7 3 2 9 15 4 12 28 6 27 16 11 24 23 19 18 10 14
